2,G,4,.75,1,R,4,1,1
1,E,4,.25,1.75
2,C,3,1,2,C,4,1,2
2,C,4,1,3,E,4,1,3
2,B,3,1,4,G,4,1,4
4,A,3,1,5,E,4,2,5,A,4,2,5,C,5,2,5
1,C,4,1,6
4,E,3,1,7,E,4,.75,7,G#,4,.75,7,E,5,.75,7
1,D,5,.25,7.75
4,A,3,1,8,E,4,1,8,A,4,1,8,C,5,1,8
3,A,3,1,9,C,4,1,9,E,4,1,9
4,A,3,1,10,C,4,1,10,D,4,1,10,F#,4,1,10
4,G,3,1,11,B,3,2,11,D,4,2,11,G,4,2,11
2,B,3,1,12,D,4,1,12
3,B,3,1,13,D,4,1,13,G,4,.5,13
1,G,4,.5,13.5
2,C,3,1,14,E,5,1.5,14
2,G,3,1,15,C,4,1,15
1,D,5,.5,15.5
3,A,3,1,16,C,4,1,16,C,5,1,16
3,G,3,1,17,G,4,1,17,B,4,1,17
2,B,3,1,18,D,4,1,18
4,B,3,1,19,D,4,1,19,F,4,.5,19,A,4,.5,19
1,B,4,.5,19.5
3,C,3,1,20,E,4,1,20,C,5,1,20
4,G,3,1,21,C,4,1,21,E,4,1,21,C,5,1,21
3,G,3,1,22,E,4,1,22,G,4,1,22
2,E,3,1,23,E,4,1,23
2,C,3,1,24,C,4,1,24
2,G,3,1,25,G,4,.75,25
1,E,4,.25,25.75
2,C,3,1,26,C,4,1,26
2,C,4,1,27,E,4,1,27
3,B,3,1,28,G,4,1,28,E,4,1,28
4,A,3,1,29,E,4,2,29,A,4,2,29,C,5,2,29
2,C,4,1,30,E,4,1,30
4,C,3,1,31,E,4,.75,31,G#,4,.75,31,E,5,.75,31
1,D,5,.25,31.75
4,A,3,1,32,E,4,1,32,A,4,1,32,C,5,1,32
3,A,3,1,33,C,4,1,33,E,4,1,33
4,A,3,1,34,C,4,1,34,D,4,1,34,F#,4,1,34
4,G,3,1,35,B,3,2,35,D,4,2,35,G,4,2,35
2,B,3,1,36,D,4,1,36
3,B,3,1,37,D,4,1,37,G,4,.5,37
1,G,4,.5,37.5
2,C,3,1,38,E,5,1.5,38
2,G,3,1,39,C,4,1,39
1,D,5,.5,39.5
2,A,3,1,40,C,5,1,40
3,G,3,1,41,G,4,2,41,B,4,2,41
2,B,3,1,42,D,4,1,42
4,B,3,1,43,D,4,1,43,F,4,.5,43,A,4,.5,43
1,B,4,.5,43.5
3,C,3,1,44,E,4,1,44,C,5,1,44
4,G,3,1,45,C,4,1,45,E,4,1,45,C,5,1,45
3,G,3,1,46,E,4,1,46,G,4,1,46
2,E,3,1,47,E,4,1,47
2,C,3,1,48,C,4,1,48
2,R,3,1,49,E,5,.5,49
1,E,5,.5,49.5
2,C,4,1,50,E,5,1,50
3,E,4,1,51,G,4,1,51,F,5,1,51
3,E,4,1,52,G,4,1,52,G,5,1,52
2,C,4,1,53,G,5,2,53
2,E,4,1,54,G,4,1,54
3,E,4,1,55,G,4,1,55,F,5,.5,55
1,E,5,.5,55.5
2,B,3,1,56,D,5,1,56
3,D,4,1,57,G,4,1,57,E,5,1,57
3,D,4,1,58,G,4,1,58,F,5,1,58
2,B,3,1,59,F,5,2,59
2,D,4,1,60,G,4,1,60
3,D,4,1,61,G,4,1,61,F,5,1,61
2,C,3,1,62,E,5,1.5,62
1,C,4,1,63
1,D,5,.5,63.5
2,A,3,1,64,C,5,1,64
3,G,3,1,65,G,4,2,65,B,4,2,65
1,F,3,1,66
3,D,3,1,67,F,3,.75,67,A,4,.75,67
1,B,4,.25,67.75
3,C,3,1,68,E,4,1,68,C,5,1,68
2,G,3,1,69,E,4,1,69
2,A,3,1,70,F#,4,1,70
4,G,3,1,71,B,3,2,71,C,4,2,71,G,4,2,71
1,D,3,1,72
3,G,3,1,73,B,3,1,73,G,4,1,73
3,C,4,1,74,E,4,1,74,C,5,1,74
3,E,3,1,75,E,4,1,75,C,5,1,75
2,G,3,1,76,C,5,.5,76
1,B,4,.5,76.5
3,A,3,1,77,F,4,1,77,A,4,1,77
3,D,3,1,78,F,4,1,78,A,4,1,78
3,F,3,1,79,F,4,1,79,A,4,1,79
4,A,3,1,80,F,4,1,80,A,4,1,80,D,5,1,80
4,D,3,1,81,A,4,.5,81,D,5,.5,81,F,5,.5,81
1,E,5,.5,81.5
3,F,3,1,82,A,4,.5,82,D,5,.5,82
1,C,5,.5,82.5
2,G,3,1,83,C,5,1,83
3,B,3,1,84,D,4,1,84,B,4,1,84
3,B,3,1,85,D,4,1,85,G,4,.5,85
1,G,4,.5,85.5
4,C,4,1,86,E,4,1.5,86,G,4,1.5,86,C,5,1.5,86,
1,B,3,1,87
1,D,4,.5,87.5
4,A,3,1,88,G,4,.5,88,C,5,.5,88,E,5,.5,88
1,F,5,.5,88.5
4,G,3,1,89,C,5,2,89,E,5,2,89,G,5,2,89
2,C,4,1,90,E,4,1,90
5,A,3,1,91,C,4,1,91,E,4,.5,91,A,4,.5,91,C,5,.5,91
1,D,5,.5,91.5
5,G,3,1,92,C,4,1,92,G,4,1.5,92,C,5,1.5,92,E,5,1.5,92
2,C,4,1,93,E,4,1,93
1,F,5,.5,93.5
3,G,3,1,94,F,4,1,94,D,5,1,94
4,C,4,1,95,E,4,3,95,G,4,3,95,C,5,3,95
1,C,3,1,96
1,R,3,1,97